8, 8, 8, 8, 2, 2, 2, 2, 2, 2, 2, 2, 2, 2, 2, 2, 2, 2, 2, 2, 8, 8, 8, 8, 8, 8, 2, 2, 2, 2, 2, 2, 2, 2, 2, 2, 2, 2, 2, 2, 2
2 1 0 1 20 ADD_8
2 1 20 2 21 MUL_8
2 1 21 3 22 ADD_8
2 1 2 3 23 ADD_8
2 1 4 12 26 XOR
2 1 5 13 27 XOR
2 1 6 14 28 XOR
2 1 7 15 29 XOR
2 1 8 16 30 XOR
2 1 9 17 31 XOR
2 1 10 18 32 XOR
2 1 11 19 33 XOR
2 1 26 27 34 AND
2 1 28 29 35 AND
2 1 30 31 36 AND
2 1 32 33 37 AND
2 1 34 35 38 AND
2 1 36 37 39 AND
2 1 38 39 40 AND
2 1 23 40 24 MIX_MUL
2 1 24 22 25 ADD_8
